0 0.666667 0.133333 0.166667
1 0.727273 0.0727273 0.0909091
2 0.75 0.05 0.0625
3 0.761905 0.0380952 0.047619
4 0.769231 0.0307692 0.0384615
5 0.774194 0.0258065 0.0322581
6 0.777778 0.0222222 0.0277778
7 0.780488 0.0195122 0.0243902
8 0.782609 0.0173913 0.0217391
9 0.784314 0.0156863 0.0196078
10 0.785714 0.0142857 0.0178571
11 0.786885 0.0131148 0.0163934
12 0.787879 0.0121212 0.0151515
13 0.788732 0.0112676 0.0140845
14 0.789474 0.0105263 0.0131579
15 0.790123 0.00987654 0.0123457
16 0.790698 0.00930233 0.0116279
17 0.791209 0.00879121 0.010989
18 0.791667 0.00833333 0.0104167
19 0.792079 0.00792079 0.00990099
20 0.792453 0.00754717 0.00943396
21 0.792793 0.00720721 0.00900901
22 0.793103 0.00689655 0.00862069
23 0.793388 0.00661157 0.00826446
24 0.793651 0.00634921 0.00793651
25 0.793893 0.00610687 0.00763359
26 0.794118 0.00588235 0.00735294
27 0.794326 0.00567376 0.0070922
28 0.794521 0.00547945 0.00684932
29 0.794702 0.00529801 0.00662252
30 0.794872 0.00512821 0.00641026
