0 0.904762 0.0452381 0.047619
1 0.926829 0.0231707 0.0243902
2 0.934426 0.0155738 0.0163934
3 0.938272 0.0117284 0.0123457
4 0.940594 0.00940594 0.00990099
5 0.942149 0.00785124 0.00826446
6 0.943262 0.00673759 0.0070922
7 0.944099 0.00590062 0.00621118
8 0.944751 0.00524862 0.00552486
9 0.945274 0.00472637 0.00497512
10 0.945701 0.00429864 0.00452489
11 0.946058 0.00394191 0.00414938
12 0.94636 0.00363985 0.00383142
13 0.946619 0.00338078 0.00355872
14 0.946844 0.00315615 0.00332226
15 0.94704 0.0029595 0.00311526
16 0.947214 0.00278592 0.00293255
17 0.947368 0.00263158 0.00277008
18 0.947507 0.00249344 0.00262467
19 0.947631 0.00236908 0.00249377
20 0.947743 0.00225653 0.0023753
21 0.947846 0.0021542 0.00226757
22 0.947939 0.00206074 0.0021692
23 0.948025 0.00197505 0.002079
24 0.948104 0.00189621 0.00199601
25 0.948177 0.00182342 0.00191939
26 0.948244 0.00175601 0.00184843
27 0.948307 0.0016934 0.00178253
28 0.948365 0.00163511 0.00172117
29 0.948419 0.0015807 0.00166389
30 0.94847 0.00152979 0.00161031
