0 0.818182 0.0818182 0.0909091
1 0.857143 0.0428571 0.047619
2 0.870968 0.0290323 0.0322581
3 0.878049 0.0219512 0.0243902
4 0.882353 0.0176471 0.0196078
5 0.885246 0.0147541 0.0163934
6 0.887324 0.0126761 0.0140845
7 0.888889 0.0111111 0.0123457
8 0.89011 0.00989011 0.010989
9 0.891089 0.00891089 0.00990099
10 0.891892 0.00810811 0.00900901
11 0.892562 0.00743802 0.00826446
12 0.89313 0.00687023 0.00763359
13 0.893617 0.00638298 0.0070922
14 0.89404 0.00596026 0.00662252
15 0.89441 0.00559006 0.00621118
16 0.894737 0.00526316 0.00584795
17 0.895028 0.00497238 0.00552486
18 0.895288 0.00471204 0.0052356
19 0.895522 0.00447761 0.00497512
20 0.895735 0.0042654 0.00473934
21 0.895928 0.0040724 0.00452489
22 0.896104 0.0038961 0.004329
23 0.896266 0.00373444 0.00414938
24 0.896414 0.00358566 0.00398406
25 0.896552 0.00344828 0.00383142
26 0.896679 0.00332103 0.00369004
27 0.896797 0.00320285 0.00355872
28 0.896907 0.00309278 0.00343643
29 0.89701 0.00299003 0.00332226
30 0.897106 0.00289389 0.00321543
