0 0.980198 0.00980198 0.00990099
1 0.985075 0.00492537 0.00497512
2 0.986711 0.00328904 0.00332226
3 0.987531 0.00246883 0.00249377
4 0.988024 0.00197605 0.00199601
5 0.988353 0.00164725 0.00166389
6 0.988588 0.00141227 0.00142653
7 0.988764 0.00123596 0.00124844
8 0.988901 0.00109878 0.00110988
9 0.989011 0.000989011 0.000999001
10 0.989101 0.000899183 0.000908265
11 0.989176 0.000824313 0.000832639
12 0.989239 0.000760953 0.00076864
13 0.989293 0.000706638 0.000713776
14 0.98934 0.00065956 0.000666223
15 0.989382 0.000618364 0.00062461
16 0.989418 0.000582011 0.000587889
17 0.98945 0.000549695 0.000555247
18 0.989479 0.000520779 0.000526039
19 0.989505 0.000494753 0.00049975
20 0.989529 0.000471204 0.000475964
21 0.98955 0.000449796 0.000454339
22 0.98957 0.000430248 0.000434594
23 0.989588 0.000412328 0.000416493
24 0.989604 0.000395842 0.00039984
25 0.989619 0.000380623 0.000384468
26 0.989633 0.000366531 0.000370233
27 0.989647 0.000353445 0.000357015
28 0.989659 0.000341262 0.000344709
29 0.98967 0.00032989 0.000333222
30 0.989681 0.000319252 0.000322477
